291
474
896
899
1447
1750
1774
2026
2030
2125
2131
2132
2133
2141
2142
2248
2360
2421
2478
2481
3972
4506
4516
4531
4535
4536
4538
4539
4543
4544
4550
4552
4553
4554
4560
4568
4570
4571
4585
4617
4625
4628
4648
4681
4686
4705
4711
4713
4737
4741
4755
4758
4809
4827
4836
4849
4850
4853
4865
4870
4871
4879
4902
4916
4965
4979
5068
5075
5088
5130
5237
5310
5505
5515
5520
5523
5527
5529
5593
5594
5653
5811
6437
6479
6691
6694
6696
6709
7040
7081
7084
7118
7185
7189
7193
7195
7200
7202
7242
7258
7261
7334
7335
7350
7403
7405
7421
7422
7432
7459
7479
7820
7957
7959
7961
7990
7991
7993
8009
8048
8057
8058
8059
8425
8756
8757
8758
8879
8881
8884
8885
8886
8896
8897
8932
8933
9373
9381
9934
9935
9951
9964
10004
11214
11332
11333
11334
11363
11364
11365
11366
11367
11368
11369
11370
11371
11372
11373
11374
11375
11416
11418
11419
11421
11486
11489
11707
11717
11763
12298
12359
12372
12373
12400
12401
12402
12443
12444
12522
12523
12694
12711
12712
12736
12737
12738
12766
12768
12769
12770
12771
13029
13053
13055
13056
13160
13164
13165
13175
13178
13185
13195
13217
13218
13248
13251
13252
13266
13267
13273
13274
13397
13399
13406
13410
13421
13427
13428
13445
13448
