# BC03 Models to compute stellar masses
# Vanilla-flavoured cosmology Om=0.3,OL=0.7,h_0=0.7
# (1): Redshift
# (2): Distance Modulus
# (3): Age of Universe at redshift (Gyr)
# (4): SDSS-i magnitude (AB) of 1Msun of 0.5 Gyr population
# (5):   Actual mass at time 0.5 Gyr
# (6): SDSS-i magnitude (AB) of 1Msun of 2 Gyr population
# (7):   Actual mass at time 2 Gyr
# (8): SDSS-i magnitude (AB) of 1Msun of tU population
# (9):   Actual mass at time tU 
# Salpeter IMF
# (1)    (2)     (3)     (4)     (5)       (6)     (7)      (8)     (9)
0.0010  28.160  13.452  32.290  0.814377  33.287  0.783210  34.899  0.774057
0.0212  34.826  13.174  38.942  0.814377  39.960  0.783210  41.579  0.773774
0.0414  36.311  12.905  40.414  0.814377  41.450  0.783210  43.065  0.773337
0.0616  37.206  12.642  41.298  0.814377  42.345  0.783210  43.951  0.773093
0.0818  37.852  12.388  41.936  0.814377  42.999  0.783210  44.592  0.772882
0.1020  38.361  12.140  42.436  0.814377  43.519  0.783210  45.104  0.773259
0.1222  38.783  11.900  42.846  0.814377  43.948  0.783210  45.525  0.773862
0.1424  39.143  11.666  43.192  0.814377  44.310  0.783210  45.872  0.773746
0.1626  39.458  11.438  43.491  0.814377  44.624  0.783210  46.173  0.773625
0.1828  39.739  11.217  43.762  0.814377  44.910  0.783210  46.447  0.773502
0.2030  39.993  11.002  44.004  0.814377  45.167  0.783210  46.692  0.773381
0.2232  40.224  10.793  44.224  0.814377  45.403  0.783210  46.914  0.773247
0.2434  40.436  10.589  44.426  0.814377  45.626  0.783210  47.127  0.773123
0.2636  40.633  10.391  44.612  0.814377  45.834  0.783210  47.328  0.772882
0.2838  40.817  10.198  44.787  0.814377  46.030  0.783210  47.516  0.772592
0.3040  40.989  10.010  44.952  0.814377  46.215  0.783210  47.693  0.772420
0.3242  41.151   9.828  45.108  0.814377  46.392  0.783210  47.863  0.773106
0.3444  41.303   9.650  45.255  0.814377  46.564  0.783210  48.031  0.773400
0.3646  41.448   9.476  45.396  0.814377  46.732  0.783210  48.197  0.773364
0.3848  41.586   9.308  45.528  0.814377  46.888  0.783210  48.349  0.773324
0.4050  41.717   9.143  45.655  0.814377  47.037  0.783210  48.493  0.773284
0.4252  41.842   8.983  45.778  0.814377  47.180  0.783210  48.630  0.773245
0.4454  41.961   8.827  45.894  0.814377  47.314  0.783210  48.757  0.773195
0.4656  42.076   8.675  45.999  0.814377  47.440  0.783210  48.874  0.773149
0.4858  42.187   8.527  46.099  0.814377  47.564  0.783210  48.991  0.773107
0.5061  42.293   8.382  46.195  0.814377  47.684  0.783210  49.104  0.773062
0.5263  42.395   8.241  46.286  0.814377  47.800  0.783210  49.213  0.773018
0.5465  42.493   8.104  46.377  0.814377  47.918  0.783210  49.325  0.772979
0.5667  42.589   7.970  46.462  0.814377  48.031  0.783210  49.432  0.772922
0.5869  42.681   7.839  46.559  0.814377  48.148  0.783210  49.540  0.772802
0.6071  42.770   7.712  46.651  0.814377  48.264  0.783210  49.650  0.772830
0.6273  42.856   7.587  46.740  0.814377  48.380  0.783210  49.761  0.773188
0.6475  42.940   7.466  46.823  0.814377  48.495  0.783210  49.873  0.773445
0.6677  43.021   7.348  46.905  0.814377  48.609  0.783210  49.984  0.773464
0.6879  43.101   7.232  46.985  0.814377  48.720  0.783210  50.093  0.773482
0.7081  43.177   7.119  47.065  0.814377  48.831  0.783210  50.201  0.773496
0.7283  43.252   7.009  47.151  0.814377  48.948  0.783210  50.314  0.773509
0.7485  43.325   6.901  47.236  0.814377  49.072  0.783210  50.438  0.773522
0.7687  43.396   6.796  47.334  0.814377  49.196  0.783210  50.561  0.773534
0.7889  43.465   6.694  47.437  0.814377  49.330  0.783210  50.700  0.773549
0.8091  43.533   6.593  47.538  0.814377  49.459  0.783210  50.835  0.773565
0.8293  43.599   6.495  47.646  0.814377  49.586  0.783210  50.968  0.773581
0.8495  43.663   6.400  47.754  0.814377  49.710  0.783210  51.092  0.773596
0.8697  43.726   6.306  47.873  0.814377  49.830  0.783210  51.205  0.773611
0.8899  43.787   6.214  47.991  0.814377  49.947  0.783210  51.313  0.773629
0.9101  43.848   6.125  48.099  0.814377  50.052  0.783210  51.405  0.773650
0.9303  43.906   6.038  48.216  0.814377  50.154  0.783210  51.491  0.773671
0.9505  43.964   5.952  48.345  0.814377  50.272  0.783210  51.597  0.773693
0.9707  44.020   5.868  48.473  0.814377  50.385  0.783210  51.694  0.773717
0.9909  44.076   5.787  48.589  0.814377  50.494  0.783210  51.795  0.773740
1.0111  44.130   5.706  48.710  0.814377  50.612  0.783210  51.909  0.773774
1.0313  44.183   5.628  48.832  0.814377  50.724  0.783210  52.015  0.773818
1.0515  44.235   5.551  48.956  0.814377  50.834  0.783210  52.121  0.773861
1.0717  44.286   5.476  49.068  0.814377  50.927  0.783210  52.206  0.773946
1.0919  44.336   5.403  49.174  0.814377  51.004  0.783210  52.266  0.774119
1.1121  44.386   5.331  49.277  0.814377  51.079  0.783210  52.319  0.774289
1.1323  44.434   5.261  49.379  0.814377  51.156  0.783210  52.372  0.774455
1.1525  44.482   5.192  49.479  0.814377  51.242  0.783210  52.439  0.774531
1.1727  44.528   5.124  49.568  0.814377  51.326  0.783210  52.507  0.774591
1.1929  44.574   5.058  49.643  0.814377  51.404  0.783210  52.573  0.774649
1.2131  44.619   4.993  49.707  0.814377  51.480  0.783210  52.639  0.774706
1.2333  44.664   4.930  49.766  0.814377  51.556  0.783210  52.710  0.774762
1.2535  44.707   4.868  49.823  0.814377  51.631  0.783210  52.781  0.774817
1.2737  44.750   4.807  49.880  0.814377  51.706  0.783210  52.853  0.774870
1.2939  44.793   4.747  49.935  0.814377  51.778  0.783210  52.919  0.774924
1.3141  44.834   4.688  49.990  0.814377  51.852  0.783210  52.985  0.774989
1.3343  44.875   4.631  50.046  0.814377  51.927  0.783210  53.055  0.775054
1.3545  44.915   4.574  50.100  0.814377  51.999  0.783210  53.118  0.775117
1.3747  44.955   4.519  50.156  0.814377  52.075  0.783210  53.187  0.775178
1.3949  44.994   4.465  50.212  0.814377  52.151  0.783210  53.254  0.775246
1.4151  45.033   4.412  50.270  0.814377  52.230  0.783210  53.324  0.775316
1.4353  45.071   4.360  50.329  0.814377  52.313  0.783210  53.399  0.775385
1.4555  45.108   4.309  50.393  0.814377  52.405  0.783210  53.486  0.775453
1.4757  45.145   4.258  50.459  0.814377  52.504  0.783210  53.581  0.775519
1.4959  45.182   4.209  50.527  0.814377  52.608  0.783210  53.682  0.775604
1.5162  45.218   4.161  50.592  0.814377  52.709  0.783210  53.780  0.775691
1.5364  45.253   4.113  50.654  0.814377  52.805  0.783210  53.873  0.775776
1.5566  45.288   4.067  50.709  0.814377  52.891  0.783210  53.956  0.775860
1.5768  45.323   4.021  50.763  0.814377  52.976  0.783210  54.036  0.775942
1.5970  45.357   3.976  50.817  0.814377  53.062  0.783210  54.118  0.776018
1.6172  45.391   3.932  50.873  0.814377  53.154  0.783210  54.205  0.776086
1.6374  45.424   3.888  50.928  0.814377  53.244  0.783210  54.287  0.776154
1.6576  45.457   3.846  50.986  0.814377  53.341  0.783210  54.376  0.776220
1.6778  45.489   3.804  51.045  0.814377  53.441  0.783210  54.470  0.776286
1.6980  45.521   3.763  51.107  0.814377  53.552  0.783210  54.577  0.776350
1.7182  45.552   3.723  51.157  0.814377  53.645  0.783210  54.664  0.776407
1.7384  45.584   3.683  51.221  0.814377  53.756  0.783210  54.766  0.776461
1.7586  45.615   3.644  51.281  0.814377  53.868  0.783210  54.873  0.776514
1.7788  45.645   3.606  51.338  0.814377  53.976  0.783210  54.976  0.776566
1.7990  45.675   3.568  51.395  0.814377  54.094  0.783210  55.094  0.776618
1.8192  45.705   3.531  51.449  0.814377  54.212  0.783210  55.217  0.776668
1.8394  45.734   3.494  51.503  0.814377  54.327  0.783210  55.334  0.776740
1.8596  45.764   3.459  51.556  0.814377  54.433  0.783210  55.435  0.776931
1.8798  45.792   3.423  51.608  0.814377  54.530  0.783210  55.521  0.777118
1.9000  45.821   3.389  51.651  0.814377  54.601  0.783210  55.577  0.777303
1.9202  45.849   3.355  51.691  0.814377  54.670  0.783210  55.633  0.777484
1.9404  45.877   3.321  51.732  0.814377  54.739  0.783210  55.693  0.777662
1.9606  45.904   3.288  51.768  0.814377  54.803  0.783210  55.748  0.777838
1.9808  45.932   3.256  51.802  0.814377  54.861  0.783210  55.798  0.778010
2.0010  45.959   3.224  51.834  0.814377  54.912  0.783210  55.839  0.778134
